0000001010000010000010000000001000000110
0000010000000000001000000001001100000001
0010000100110000100000001000000000011000
0000000001011010001000001000001000000000
0001000000000000000110000000000100000100
0000000000100001100110001100001000000100
0100101000100000000000000000000110001000
0100000000001000000100000010100000000000
0010000000010000010000000100001000100000
0000100000001000001000000000001001000110
0000010000001010000000100000000000000010
0010000000000000100100000100000000000001
1100000000000000000001000100000101001000
1000000000010100000000001000101001000100
0000000000110000000000001000000100010000
0001010011000100000111000010101000010000
0000000000000000010000000000000000000000
0100000100000000100001000010000000101000
0000000000101110000000000010001001000000
0000000000000100000000000000000100000001
0001000100000000101010000000000000000001
1001000000000000000100001000010000000001
0011000000010000000000001001000110000000
0001000000000000010000000100000000000000
0000000000000000000000000011101000000000
0001000000000000000000000000010000000000
0000000001000000001000000000110000100000
0000100010010001000001000011100000000101
0000000000000000000000000000000000000000
1000000010000000000100000100000000000000
0000100000000000000000000000000000000010
0000100000000000000001000001010000100000
0000000100000000000000000000000000100100
0000000000000000001000010000100100100100
1000000000000011000000100000000000001000
0000100011101001010001000100000000001000
0000000000000000000000000000010010000000
0000011000000000001000100000000000000000
0000100100101001110000000001010000000000
0100000000100010001000001000000010000100
