1001101110100000101110001000000001110101100000011000000111001110
0011110100010000001000101011101110011110101101110010101000010110
0100111100011001100001101100000011101100111100011011101010001110
1011100000111010011100101110001010110011111010001001101100111100
1111111101010110101110101011111111111011011101000001001101010011
0010010111010100000000100001111011010101111101101110011010001110
1001000110010001011001110110100100100011010110001000110100101010
1011100011111100010000111001100000000111111001011010111100011000
1010000100111000101000110111100001011011100111000011001101111111
0110110011100110111110101010110110010001101000110111101010000011
0011010011100000001100011111000010001111000111101000000100100101
1111111001010000100101100000010110001010100111000001001011000001
0101011001001011011110010101101111000110110111101000001011000111
1111011011010010110010101001110110111011000101100101111100010100
0001101001010001010111010001100001100100011101001011000100001010
1000101111110011110101010001001000110000101111001010100001001010
0011111000111001001110011010110101111110111001010111111110010000
1000001010111111000001101101000101111101111010011110000000001111
1011000100101001101010011101010000011101101110101001100101101000
1000000101010010011011100000000101110101011101011100010111000100
0011010001100101100011111110000111001000000001101000000011010101
1101001111111101010101100011010001101011100010110110101001111011
1111001100010111001100001110110110100100000010011010101111111010
1111001101100010101011110100101000101110110001001101010110000011
1110010101001010001100110111010111100100000000110010111001000101
0101011110000110000101010000000111001101001111011100100111001110
0111110110000101100111010011000111010111110101101011001000110000
1001100011010101001001001000010001101111010101101110001111000101
0100111000111110110110010010111111111000010011010111110111000100
0111110010011000100111110111110010100001010111101101101011101100
1100101110111010011011111011101111101001110010010011000111000100
1000011000101110011011101010110110111000110001001111010101001101
1010000001110100011110010100010001110110011000101000011001001111
1001001011000110000010011100100100101010001111011011011011101101
1001100011010010100001011110000010000010100001011111111001110100
1111111100111001101001011111011100000011000100001000100001101111
0010010001010111011110111111100110000011111111000001111111001100
0010000011110111001011110110100001111111110111010010111000111111
0001101000101000101011010010110111110100001010110000010100101000
0011100000011111100101101110110011110000000001110110111111011000
0001000001111010110100000100011010000100001110110110000001110111
1110010110111001101101011010101001101100011100000111101011111101
0001000010111000011011101111000111101000111001001011100001101001
1010110100011101100000010110110000011111110010010111000000110111
0111110010011110110010100001001101111001101100110111101110101000
1110001111100011110010100000100001111110011011110001000010101010
0000011000001101101101101000101100010010110010110010011001011001
0111100010001101001000101111101000000010101010111111100010111011
0010100000101001111011010010101100111011100001111011111111101010
0010101111011110110111001011010101110111000000011101000000000010
0111001010011001010000101101101001101011011101001001100001111001
1110001100110011010111011110100000011110000001010010100000010101
1110100000101111000000010011111001000010111011101000011110111000
0010000001010000111010010001110001000101010010100000000100011000
1000011010000001001101011110101011100101110001110011100110100111
0011000111010001111101000111100110011010100111010010000110001010
1011101101000100111101100111001110010111101011110111010110011111
0000111111011011000010111010010010111001110000100101111100010101
1110100100000011000000000110100000100110000101011000100011010111
0101111111000010101000001111110111100110010011011111001000001001
1101111000001100100000100011001001010011101011001111100110000111
1010010011010000111110000010011100010011011100011111011010111100
1010110000111110011010011111001011110100100100110100000000000011
1011011101010000100101111011110111011110010011100011000101000111
